1770583938.194885403
1770583938.587773616
1770583938.666543070
1770583938.725110812
1770583938.868667105
1770583939.26162086
1770583939.197953664
1770583939.854697151
1770583939.878879509
1770583939.879574935
1770583939.900764266
1770583940.60694775
1770583940.236785311
1770583940.408464663
1770583940.588151609
1770583940.757880374
1770583940.931623656
1770583941.113703948
1770583941.285618019
1770583941.450563653
1770583941.618522427
1770583941.758935266
1770583941.964451441
1770583942.139344501
1770583942.297974176
1770583942.471823120
1770583942.638512626
1770583942.799161885
1770583942.966969046
1770583943.168967725
1770583943.337851336
1770583943.495753111
1770583943.658417416
1770583943.826020167
1770583943.999680414
1770583944.178961194
1770583944.368920164
1770583944.528591162
1770583944.699548690
1770583944.866043563
1770583945.28546338
1770583945.196335550
1770583945.418586084
1770583945.569350420
1770583945.726887302
1770583945.899712312
1770583946.67243201
1770583946.231073626
1770583946.395872465
1770583946.565976388
1770583946.765930971
1770583946.936706507
1770583947.95764066
1770583947.266958198
1770583947.430716761
1770583947.599153772
1770583947.767897012
1770583947.965812596
1770583948.131470277
1770583948.295867769
1770583948.465874691
1770583948.628580967
1770583948.795709950
1770583948.966375075
1770583949.166815297
1770583949.327700462
1770583949.496169457
1770583949.666987383
1770583949.831953060
1770583949.996085175
1770583950.165715332
1770583950.366961111
1770583950.535776981
1770583950.695735424
1770583950.867276081
1770583951.36032102
1770583951.196345520
1770583951.367463042
1770583951.567829936
1770583951.735733959
1770583951.899797566
1770583952.66950014
1770583952.236648191
1770583952.399639817
1770583952.598930888
1770583952.765962591
1770583952.936424912
1770583953.99355292
1770583953.267648510
1770583953.436662923
1770583953.598823990
1770583953.798826550
1770583953.965776475
1770583954.136418484
1770583954.299041097
1770583954.465771527
1770583954.635696601
1770583954.798203006
1770583954.998918102
1770583955.165832969
1770583955.335897505
1770583955.499426937
1770583955.667374886
1770583955.836713757
1770583955.998231845
1770583956.197216407
1770583956.365837226
1770583956.535721655
1770583956.698733533
1770583956.866095838
1770583957.35743245
1770583957.199245859
1770583957.398239710
1770583957.567538285
1770583957.736442987
1770583957.906336146
1770583958.66454443
1770583958.236585393
1770583958.405655395
1770583958.606154629
1770583958.768047177
1770583958.916310898
1770583959.79293794
1770583959.246229542
1770583959.415901670
1770583959.577470808
1770583959.777077678
1770583959.945817008
1770583960.109353284
1770583960.276354258
1770583960.446283592
1770583960.615698794
1770583960.776288204
1770583960.976129513
1770583961.145968060
1770583961.307425041
1770583961.476056614
1770583961.645879378
1770583961.805868689
1770583961.975876797
1770583962.175882151
1770583962.338663710
1770583962.505723137
1770583962.675664203
1770583962.838718751
1770583963.6445739
1770583963.175863735
1770583963.368591838
1770583963.536800345
1770583963.706252280
1770583963.867579367
1770583964.37216507
1770583964.205641506
1770583964.367920735
1770583964.567661201
1770583964.736651242
1770583964.906448726
1770583965.67360149
1770583965.236312129
1770583965.406271143
1770583965.566777588
1770583965.766799842
1770583965.935806574
1770583966.105919506
1770583966.268018908
1770583966.436580924
1770583966.605929573
1770583966.767920799
1770583966.967798213
1770583967.135796514
1770583967.306099540
1770583967.468696453
1770583967.635975304
1770583967.806084116
1770583967.969283992
1770583968.168718577
1770583968.336552415
1770583968.505719420
1770583968.668794429
1770583968.835770193
1770583969.6476242
1770583969.175984674
1770583969.368861179
1770583969.536361131
1770583969.706581610
1770583969.876130897
1770583970.36628752
1770583970.206491812
1770583970.375950242
1770583970.576201139
1770583970.736777140
1770583970.906441307
1770583971.75666415
1770583971.236527697
1770583971.406287678
1770583971.575815176
1770583971.775963623
1770583971.936426630
1770583972.105682606
1770583972.275896731
1770583972.437146928
1770583972.606683924
1770583972.775753019
1770583972.976047912
1770583973.137101731
1770583973.306720295
1770583973.475659705
1770583973.637202794
1770583973.806284389
1770583973.975939408
1770583974.176309933
1770583974.337217166
1770583974.506521120
1770583974.675853566
1770583974.837511675
1770583975.6433695
1770583975.176160365
1770583975.376101819
1770583975.537169675
1770583975.706222638
1770583975.875915647
1770583976.37341272
1770583976.206265946
1770583976.376210365
1770583976.575735666
1770583976.736490308
1770583976.905777221
1770583977.69572169
1770583977.237065557
1770583977.406647177
1770583977.567707561
1770583977.767632952
1770583977.936683122
1770583978.106483049
1770583978.267818796
1770583978.436947112
1770583978.606540116
1770583978.767579897
1770583978.967978567
1770583979.137165405
1770583979.305700954
1770583979.467533234
1770583979.635912559
1770583979.799430259
1770583979.967302925
1770583980.165923572
1770583980.335694588
1770583980.497498584
1770583980.667186914
1770583980.835756752
1770583981.6358955
1770583981.165781896
1770583981.365708405
1770583981.536910288
1770583981.699420255
1770583981.868069637
1770583982.37151093
1770583982.198534746
1770583982.367331272
1770583982.568277315
1770583982.736765026
1770583982.906375489
1770583983.67627642
1770583983.235733490
1770583983.405856200
1770583983.567500900
1770583983.767861369
1770583983.935686198
1770583984.98697866
1770583984.267586924
1770583984.435791940
1770583984.599193502
1770583984.768238434
1770583984.967711289
1770583985.135823702
1770583985.297718903
1770583985.466383090
1770583985.636656505
1770583985.805564838
1770583985.968117126
1770583986.167537464
1770583986.336987584
1770583986.497856267
1770583986.665867279
1770583986.836822851
1770583986.998878955
1770583987.167638607
1770583987.367624756
1770583987.535778162
1770583987.695772640
1770583987.867499690
1770583988.35718952
1770583988.198975465
1770583988.367484406
1770583988.566224682
1770583988.737220689
1770583988.898959040
1770583989.66173992
1770583989.235797654
1770583989.395781237
1770583989.567892175
1770583989.767586270
1770583989.935793590
1770583990.95788905
1770583990.265849182
1770583990.426169095
1770583990.598868749
1770583990.765808058
1770583990.965854266
1770583991.131632135
1770583991.296175723
1770583991.465794636
1770583991.636137119
1770583991.796313171
1770583991.996102103
1770583992.167749470
1770583992.335677097
1770583992.498783393
1770583992.667632714
1770583992.827119345
1770583992.995869430
1770583993.195780854
1770583993.365885756
1770583993.536545503
1770583993.695988766
1770583993.866052464
1770583994.36759281
1770583994.198360474
1770583994.395980093
1770583994.565879188
1770583994.736756125
1770583994.896122289
1770583995.67237297
1770583995.235735064
1770583995.396193742
1770583995.596208523
1770583995.766173194
1770583995.936838458
1770583996.96188560
1770583996.265827656
1770583996.416303430
1770583996.560331814
1770583996.736326955
1770583996.906222628
1770583997.76019971
1770583997.236852480
1770583997.406676571
1770583997.576069635
1770583997.736187443
1770583997.936755325
1770583998.106642687
1770583998.269238134
1770583998.416495520
1770583998.585804222
1770583998.755836285
1770583998.917519814
1770583999.116374900
1770583999.286081248
1770583999.455893327
1770583999.617580697
1770583999.786094946
1770583999.956116603
1770584000.117781486
1770584000.317605615
1770584000.486042416
1770584000.636933155
1770584000.798956366
1770584000.967274585
1770584001.135751332
1770584001.298268492
1770584001.498269097
1770584001.667428979
1770584001.837109278
1770584001.997472978
1770584002.167632491
1770584002.335801820
1770584002.505961543
1770584002.698549695
1770584002.868300248
1770584003.36464270
1770584003.199356798
1770584003.366409871
1770584003.536883924
1770584003.685937839
1770584003.868303691
1770584004.25900213
1770584004.199403260
1770584004.366318197
1770584004.530775119
1770584004.695939689
1770584004.859253048
1770584005.67153351
1770584005.206477867
1770584005.375960042
1770584005.537582185
1770584005.705869607
1770584005.875962636
1770584006.37575212
1770584006.237722681
1770584006.406316333
1770584006.576149573
1770584006.737970679
1770584006.905672596
1770584007.75863047
1770584007.237921595
1770584007.436957067
1770584007.606111990
1770584007.776381635
1770584007.937069932
1770584008.106270458
1770584008.275857945
1770584008.437846099
1770584008.636835479
1770584008.806360882
1770584008.975983916
1770584009.137937361
1770584009.306440366
1770584009.475668687
1770584009.636757982
1770584009.836684980
1770584010.5757427
1770584010.176217095
1770584010.337121534
1770584010.507088999
1770584010.675754023
1770584010.836992907
1770584011.36693776
1770584011.206862577
1770584011.375819306
1770584011.536983116
1770584011.705712949
1770584011.875969394
1770584012.36981660
1770584012.236892735
1770584012.405974820
1770584012.576224491
1770584012.737052740
1770584012.905685919
1770584013.76050470
1770584013.236933750
1770584013.436801107
1770584013.606087671
1770584013.776372051
1770584013.937157700
1770584014.106241740
1770584014.275697796
1770584014.436973343
1770584014.636027462
1770584014.805757624
1770584014.969409268
1770584015.137096800
1770584015.306428338
1770584015.468949828
1770584015.636865094
1770584015.836599974
1770584016.5748053
1770584016.168401463
1770584016.336612415
1770584016.506084044
1770584016.667151900
1770584016.836714315
1770584017.35726114
1770584017.205664037
1770584017.366232636
1770584017.536718841
1770584017.706252834
1770584017.867454635
1770584018.35878656
1770584018.235896999
1770584018.398600481
1770584018.567672719
1770584018.736778129
1770584018.895892116
1770584019.66219165
1770584019.235951841
1770584019.437146919
1770584019.606875195
1770584019.767826844
1770584019.927334007
1770584020.95699924
1770584020.267542273
1770584020.427267812
1770584020.626535210
1770584020.799814921
1770584020.967371161
1770584021.131500763
1770584021.298651884
1770584021.467279128
1770584021.631168633
1770584021.826182675
1770584022.139236
1770584022.167450561
1770584022.326085683
1770584022.499581327
1770584022.660766298
1770584022.831592534
1770584023.30388050
1770584023.195719947
1770584023.367490295
1770584023.531782195
1770584023.699374051
1770584023.859664633
1770584024.25838960
1770584024.226223104
1770584024.375940600
1770584024.516639906
1770584024.685972492
1770584024.855874240
1770584025.16620432
1770584025.185821168
1770584025.385880085
1770584025.535691580
1770584025.676669741
1770584025.830412369
1770584025.976203202
1770584026.116810464
1770584026.206319702
1770584026.359218154
1770584026.537323806
1770584026.685843406
1770584026.835912386
1770584026.999976202
1770584027.166062746
1770584027.316311274
1770584027.477580187
1770584027.676625018
1770584027.845872124
1770584028.8822267
1770584028.175913889
1770584028.346135206
1770584028.505791190
1770584028.676037788
1770584028.876024216
1770584029.37044025
1770584029.206377449
1770584029.375912978
1770584029.535806543
1770584029.706445200
1770584029.867607893
1770584030.67740138
1770584030.235814071
1770584030.397876740
1770584030.567531199
1770584030.736880267
1770584030.899687874
1770584031.65972053
1770584031.267785598
1770584031.436567877
1770584031.598762675
1770584031.766370384
1770584031.931651509
1770584032.96370805
1770584032.268646346
1770584032.460991888
1770584032.625981868
1770584032.799690861
1770584032.968642911
1770584033.126216527
1770584033.299190706
1770584033.460243617
1770584033.659396414
1770584033.832238533
1770584033.992357249
1770584034.156207088
1770584034.330633226
1770584034.488234776
1770584034.657033956
1770584034.856136680
1770584035.33599841
1770584035.186474339
1770584035.362248170
1770584035.531308605
1770584035.686316171
1770584035.859780948
1770584036.60525933
1770584036.217490790
1770584036.386092194
1770584036.555911047
1770584036.716157144
1770584036.885922503
1770584037.48375414
1770584037.247368077
1770584037.415760393
1770584037.585908173
1770584037.746475515
1770584037.915768015
1770584038.79437607
1770584038.245809710
1770584038.445740129
1770584038.616249171
1770584038.777402785
1770584038.945795380
1770584039.116212098
1770584039.276210347
1770584039.445810405
1770584039.645848372
1770584039.808360085
1770584039.975871211
1770584040.145904670
1770584040.307527442
1770584040.476149238
1770584040.645855725
1770584040.846046074
1770584041.6457542
1770584041.175987065
1770584041.337406265
1770584041.507080209
1770584041.676119484
1770584041.837212900
1770584042.36976691
1770584042.206387773
1770584042.368036314
1770584042.537066022
1770584042.706495610
1770584042.866573472
1770584043.35767573
1770584043.235762800
1770584043.397730631
1770584043.566018193
1770584043.736835769
1770584043.899144958
1770584044.65832998
1770584044.232307480
1770584044.431520126
1770584044.596166234
1770584044.766230561
1770584044.931613717
1770584045.99473533
1770584045.267568557
1770584045.406295138
1770584045.586129857
1770584045.736948456
1770584045.876727814
1770584046.29576333
1770584046.175909301
1770584046.337432417
1770584046.486102724
1770584046.666157565
1770584046.816283601
1770584046.975765763
1770584047.145909144
1770584047.308985061
1770584047.475873111
1770584047.645748392
1770584047.846056484
1770584048.7840647
1770584048.175845443
1770584048.346515037
1770584048.507831858
1770584048.656382046
1770584048.806356818
1770584049.6115860
1770584049.167129523
1770584049.336645638
1770584049.506612054
1770584049.667832572
1770584049.836578536
1770584050.6559758
1770584050.206196098
1770584050.367127076
1770584050.537210328
1770584050.699397444
1770584050.867964069
1770584051.37320958
1770584051.200406653
1770584051.399166832
1770584051.569801438
1770584051.737379886
1770584051.899488856
1770584052.68082647
1770584052.235993374
1770584052.397206349
1770584052.598814786
1770584052.767675770
1770584052.937048512
1770584053.99092115
1770584053.266131918
1770584053.436789291
1770584053.595835258
1770584053.795718957
1770584053.967544685
1770584054.131094578
1770584054.299255807
1770584054.467899322
1770584054.626190083
1770584054.798355073
1770584054.996249776
1770584055.161179488
1770584055.331117551
1770584055.487953002
1770584055.660629121
1770584055.818533062
1770584055.986101802
1770584056.186040672
1770584056.356068055
1770584056.518422637
1770584056.685959114
1770584056.855902135
1770584057.18579290
1770584057.186074004
1770584057.386021603
1770584057.558837884
1770584057.717723996
1770584057.885931316
1770584058.48562797
1770584058.215917980
1770584058.385820846
1770584058.585729965
1770584058.747374666
1770584058.915809581
1770584059.86091377
1770584059.247361687
1770584059.415851772
1770584059.586132101
1770584059.786264486
1770584059.945675625
1770584060.115850851
1770584060.278675918
1770584060.446317916
1770584060.615844296
1770584060.778578577
1770584060.977739893
1770584061.145992397
1770584061.315762086
1770584061.477650514
1770584061.646261346
1770584061.815991787
1770584061.977636976
1770584062.176275850
1770584062.345802161
1770584062.507685910
1770584062.598598501
1770584062.747637541
1770584062.915857222
1770584063.67225638
1770584063.268231321
1770584063.430947793
1770584063.595824499
1770584063.767290363
1770584063.930806037
1770584064.98986679
1770584064.267665392
1770584064.437849906
1770584064.606544820
1770584064.776009675
1770584064.918015332
1770584065.67726473
1770584065.216122604
1770584065.360720778
1770584065.538067803
1770584065.685916490
1770584065.836984193
1770584065.977861441
1770584066.145772517
1770584066.308883562
1770584066.475897107
1770584066.676450393
1770584066.845759235
1770584067.6877442
1770584067.176202975
1770584067.345829081
1770584067.506566194
1770584067.675967638
1770584067.876032562
1770584068.37439610
1770584068.206522952
1770584068.375900931
1770584068.536025164
1770584068.705807703
1770584068.876148580
1770584069.67356146
1770584069.237499736
1770584069.405701190
1770584069.567828037
1770584069.735923759
1770584069.899837149
1770584070.67266357
1770584070.267342804
1770584070.437589123
1770584070.598686938
1770584070.767885090
1770584070.936676657
1770584071.100196661
1770584071.265810694
1770584071.467652662
1770584071.607214481
1770584071.755868167
1770584071.925845548
1770584072.86288791
1770584072.256650898
1770584072.419125039
1770584072.617332118
1770584072.786157346
1770584072.956858995
1770584073.116226417
1770584073.286118388
1770584073.448057726
1770584073.615740229
1770584073.815789510
1770584073.959753435
1770584074.131832178
1770584074.288216629
1770584074.457616397
1770584074.626376328
1770584074.786071978
1770584074.986032357
1770584075.156023286
1770584075.299091357
1770584075.467332896
1770584075.636881904
1770584075.799394804
1770584075.879136304
1770584076.86519681
1770584076.236758642
1770584076.375753603
1770584076.530407449
1770584076.666059156
1770584076.755918691
1770584076.845822712
1770584076.931546076
1770584077.116498650
1770584077.266309167
1770584077.346322328
1770584077.435843648
1770584077.608493230
1770584077.759929318
1770584077.899050612
1770584078.39453465
1770584078.235918627
1770584078.398482647
1770584078.567174209
1770584078.730664393
1770584078.885913591
1770584079.45789627
1770584079.207710738
1770584079.386102647
1770584079.526398162
1770584079.676255400
1770584079.815790192
1770584079.975990476
1770584080.137703476
1770584080.285979559
1770584080.467706133
1770584080.605723461
1770584080.745718541
1770584080.898390445
1770584081.60874713
1770584081.216136621
1770584081.376535030
1770584081.576005789
1770584081.730424918
1770584081.886798404
1770584082.56064576
1770584082.218775671
1770584082.386024283
1770584082.561967047
1770584082.748649176
1770584082.916007432
1770584083.65812083
1770584083.206657625
1770584083.363144595
1770584083.517883362
1770584083.667171507
1770584083.845718801
1770584083.986838240
1770584084.160573072
1770584084.305688102
1770584084.467331475
1770584084.637167020
1770584084.798210782
1770584084.998302732
1770584085.145724093
1770584085.306186402
1770584085.475708941
1770584085.638041875
1770584085.806179847
1770584085.976365270
1770584086.170036576
1770584086.336500932
1770584086.506137932
1770584086.667926565
1770584086.836786292
1770584087.6528744
1770584087.169949302
1770584087.367990521
1770584087.536614552
1770584087.706216145
1770584087.866625728
1770584088.35907753
1770584088.198165752
1770584088.367422775
1770584088.567757545
1770584088.730968595
1770584088.899591508
1770584089.67223311
1770584089.236512598
1770584089.395821776
1770584089.565718706
1770584089.758951863
1770584089.925845150
1770584090.99758902
1770584090.257414645
1770584090.426414393
1770584090.598607248
1770584090.756252795
1770584090.956540914
1770584091.125792142
1770584091.288132198
1770584091.456710067
1770584091.630633666
1770584091.786277157
1770584091.956155860
1770584092.156243061
1770584092.318310967
1770584092.485762104
1770584092.656094042
1770584092.817454999
1770584092.985991525
1770584093.149299018
1770584093.347936007
1770584093.516398577
1770584093.686336710
1770584093.846965089
1770584094.16142430
1770584094.179170789
1770584094.345653441
1770584094.546414000
1770584094.715723261
1770584094.876187036
1770584095.46127544
1770584095.209093260
1770584095.375723895
1770584095.545988580
1770584095.745796787
1770584095.907093775
1770584096.75706562
1770584096.239170767
1770584096.406430483
1770584096.576054495
1770584096.738402862
1770584096.938344944
1770584097.106947605
1770584097.275936738
1770584097.437328143
1770584097.605792669
1770584097.776115877
1770584097.935818720
1770584098.136567337
1770584098.306138134
1770584098.467876693
1770584098.636682647
1770584098.806075292
1770584098.965973256
1770584099.136497313
1770584099.336440372
1770584099.497420654
1770584099.667553769
1770584099.835815770
1770584099.999077032
1770584100.167770480
1770584100.336897260
1770584100.537111981
1770584100.700121904
1770584100.865797532
1770584101.31159179
1770584101.198334045
1770584101.367532755
1770584101.530839271
1770584101.725903106
1770584101.898557576
1770584102.67078529
1770584102.231097301
1770584102.398728126
1770584102.561763049
1770584102.730898558
1770584102.931194918
1770584103.99553363
1770584103.257143600
1770584103.430749794
1770584103.595963109
1770584103.762546465
1770584103.926030574
1770584104.125736890
1770584104.290738462
1770584104.456122945
1770584104.630767669
1770584104.787664506
1770584104.956381069
1770584105.130651752
1770584105.331396039
1770584105.487613302
1770584105.663300816
1770584105.831053784
1770584105.986761664
1770584106.156162759
1770584106.325855349
1770584106.518854764
1770584106.685762648
1770584106.856231813
1770584107.18885921
1770584107.185822298
1770584107.356145227
1770584107.518793748
1770584107.718901691
1770584107.885817116
1770584108.63238725
1770584108.218038180
1770584108.385876906
1770584108.561294295
1770584108.718133796
1770584108.917980482
1770584109.85889463
1770584109.261144972
1770584109.418025118
1770584109.585915802
1770584109.761887478
1770584109.917081366
1770584110.117109416
1770584110.285830309
1770584110.455905670
1770584110.615858665
1770584110.785781853
1770584110.948980263
1770584111.116044159
1770584111.315991549
1770584111.485880727
1770584111.647946538
1770584111.815700623
1770584111.985865444
1770584112.147902342
1770584112.316389495
1770584112.515759761
1770584112.685892317
1770584112.846967017
1770584113.15790918
1770584113.185829894
1770584113.346895096
1770584113.515779615
1770584113.716731664
1770584113.878972413
1770584114.46032539
1770584114.215974653
1770584114.379070404
1770584114.545917041
1770584114.716094781
1770584114.915884272
1770584115.78036400
1770584115.246120459
1770584115.415670165
1770584115.578187814
1770584115.746222500
1770584115.915695037
1770584116.115715615
1770584116.277154299
1770584116.445802982
1770584116.615695023
1770584116.777167369
1770584116.945810255
1770584117.115848952
1770584117.309274646
1770584117.476810145
1770584117.646316273
1770584117.809359158
1770584117.976080928
1770584118.146036101
1770584118.308325178
1770584118.507401364
1770584118.676269053
1770584118.845713236
1770584119.6297060
1770584119.176445399
1770584119.339217600
1770584119.505720993
1770584119.706437346
1770584119.875802546
1770584120.36537284
1770584120.206048790
1770584120.376229812
1770584120.536976562
1770584120.706491839
1770584120.906439927
1770584121.67932106
1770584121.236642524
1770584121.406157311
1770584121.567945106
1770584121.736762861
1770584121.905812542
1770584122.99314427
1770584122.265800431
1770584122.436483155
1770584122.598339667
1770584122.767479646
1770584122.936454323
1770584123.96452991
1770584123.295767179
1770584123.467950815
1770584123.636795807
1770584123.799379800
1770584123.968210126
1770584124.128663147
1770584124.295759238
1770584124.495702926
1770584124.668751481
1770584124.830603035
1770584124.998406564
1770584125.168187426
1770584125.330505345
1770584125.496051847
1770584125.699194718
1770584125.867237924
1770584126.25937225
1770584126.196223281
1770584126.361524729
1770584126.531505043
1770584126.698744437
1770584126.889041832
1770584127.61487004
1770584127.230794658
1770584127.387976355
1770584127.562912784
1770584127.725963770
1770584127.885839527
1770584128.86033507
1770584128.262265322
1770584128.418176215
1770584128.585873453
1770584128.762561087
1770584128.916782440
1770584129.86186468
1770584129.285823856
1770584129.448782030
1770584129.616267387
1770584129.786025832
1770584129.947851338
1770584130.115743628
1770584130.285835190
1770584130.485891245
1770584130.646052142
1770584130.815722245
1770584130.978725742
1770584131.146246436
1770584131.316247281
1770584131.477975086
1770584131.677824426
1770584131.846108706
1770584132.16052146
1770584132.177048909
1770584132.346191122
1770584132.508861223
1770584132.675640678
1770584132.875761121
1770584133.45697509
1770584133.205984669
1770584133.375870425
1770584133.539083709
1770584133.706269749
1770584133.876549240
1770584134.76274831
1770584134.237227527
1770584134.405840524
1770584134.575765528
1770584134.736491747
1770584134.906339512
1770584135.68467756
1770584135.267429971
1770584135.436631265
1770584135.606224060
1770584135.766101912
1770584135.936880241
1770584136.99685823
1770584136.265980966
1770584136.467158725
1770584136.636490263
1770584136.796278655
1770584136.966107356
1770584137.136433288
1770584137.298519490
1770584137.469029999
1770584137.662915283
1770584137.830464609
1770584137.996485157
1770584138.156783072
1770584138.330476351
1770584138.490431512
1770584138.656409530
1770584138.863184776
1770584139.18395774
1770584139.186069059
1770584139.356482285
1770584139.517545532
1770584139.685823666
1770584139.849282493
1770584140.48400721
1770584140.216012900
1770584140.385855288
1770584140.547449217
1770584140.715733217
1770584140.885987078
1770584141.46433883
1770584141.245839556
1770584141.415804087
1770584141.578261817
1770584141.745748291
1770584141.915828051
1770584142.76354888
1770584142.245720646
1770584142.445921610
1770584142.608420753
1770584142.775991030
1770584142.946134480
1770584143.106440915
1770584143.275874135
1770584143.437597330
1770584143.636547952
1770584143.805892131
1770584143.967715472
1770584144.136711658
1770584144.299181330
1770584144.467771839
1770584144.636018058
1770584144.836537404
1770584144.996398844
1770584145.165932139
1770584145.330168519
1770584145.499458855
1770584145.657954794
1770584145.831532145
1770584146.30663852
1770584146.188646427
1770584146.356141351
1770584146.530597099
1770584146.686686493
1770584146.856393818
1770584147.31798077
1770584147.226103774
1770584147.386591083
1770584147.555967456
1770584147.718747060
1770584147.886166212
1770584148.48606134
1770584148.216135557
1770584148.415849415
1770584148.585830148
1770584148.746168777
1770584148.916047829
1770584149.76721950
1770584149.245917169
1770584149.408775338
1770584149.607808366
1770584149.775780409
1770584149.945810027
1770584150.105687530
1770584150.275876583
1770584150.437991978
1770584150.606194060
1770584150.806129159
1770584150.966878493
1770584151.138231292
1770584151.298490797
1770584151.467523927
1770584151.636738699
1770584151.798925117
1770584151.999424769
1770584152.167859963
1770584152.326182290
1770584152.495946392
1770584152.662367519
1770584152.830652287
1770584152.988100478
1770584153.187101801
1770584153.358610963
1770584153.519046035
1770584153.685993655
1770584153.856631195
1770584154.16083676
1770584154.186032564
1770584154.385812418
1770584154.546094619
1770584154.716235486
1770584154.866073658
1770584155.30975575
1770584155.186292793
1770584155.349203409
1770584155.545805589
1770584155.706121592
1770584155.867610697
1770584156.15703112
1770584156.176062552
1770584156.336572838
1770584156.497273636
1770584156.696197511
1770584156.861674596
1770584157.30199530
1770584157.185943655
1770584157.345852025
1770584157.506305325
1770584157.668561788
1770584157.867841826
1770584158.31237103
1770584158.187318675
1770584158.362230521
1770584158.515841159
1770584158.675976985
1770584158.836279160
1770584159.36559318
1770584159.199203021
1770584159.359502821
1770584159.518537334
1770584159.686190437
1770584159.846018216
1770584160.6232538
1770584160.206756842
1770584160.367616237
1770584160.530545499
1770584160.688511733
1770584160.858862945
1770584161.15718998
1770584161.176178303
1770584161.375865973
1770584161.535743686
1770584161.695895294
1770584161.865974705
1770584162.26048587
1770584162.185940057
1770584162.348271104
1770584162.545812577
1770584162.706518124
1770584162.868387976
1770584163.36052740
1770584163.198723540
1770584163.355891409
1770584163.518530154
1770584163.716549793
1770584163.885864711
1770584164.45939430
1770584164.205828246
1770584164.366443845
1770584164.528435350
1770584164.696545808
1770584164.898529473
1770584165.62234961
1770584165.215824159
1770584165.375975070
1770584165.536682363
1770584165.698708437
1770584165.866221867
1770584166.57401778
1770584166.225899127
1770584166.386552157
1770584166.548486676
1770584166.715852264
1770584166.875633743
1770584167.35680178
1770584167.236544025
1770584167.398516116
1770584167.559544375
1770584167.718690416
1770584167.885768978
1770584168.45710870
1770584168.206188333
1770584168.405740661
1770584168.567370486
1770584168.731507979
1770584168.890721692
1770584169.57670918
1770584169.215737296
1770584169.376317069
1770584169.569177581
1770584169.737351659
1770584169.899053136
1770584170.56022182
1770584170.217978351
1770584170.385885167
1770584170.545847660
1770584170.738144876
1770584170.906273840
1770584171.67635914
1770584171.234091191
1770584171.388556411
1770584171.557025825
1770584171.716598634
1770584171.908341841
1770584172.77592090
1770584172.237365817
1770584172.396692035
1770584172.557071309
1770584172.734213295
1770584172.887809058
1770584173.78167768
1770584173.245814236
1770584173.406043153
1770584173.565897051
1770584173.726072963
1770584173.886808889
1770584174.47819270
1770584174.246472111
1770584174.405724303
1770584174.567921545
1770584174.736444593
1770584174.895826401
1770584175.56778119
1770584175.216334866
1770584175.415742983
1770584175.575745143
1770584175.735595060
1770584175.898633615
1770584176.65902341
1770584176.231330960
1770584176.385964554
1770584176.578168329
1770584176.745983660
1770584176.906160410
1770584177.65979320
1770584177.227106886
1770584177.388244578
1770584177.555840065
1770584177.745897364
1770584177.907372433
1770584178.75860493
1770584178.236731621
1770584178.395835901
1770584178.556539004
1770584178.718194878
1770584178.916088533
1770584179.75630544
1770584179.237277549
1770584179.406423952
1770584179.565966732
1770584179.725856735
1770584179.886005061
1770584180.85869067
1770584180.245694263
1770584180.405986730
1770584180.567651474
1770584180.731312825
1770584180.886367391
1770584181.47298857
1770584181.245568579
1770584181.406516806
1770584181.567466569
1770584181.727370679
1770584181.895629119
1770584182.61762382
1770584182.215752718
1770584182.408251899
1770584182.575631873
1770584182.716058470
1770584182.868536370
1770584183.6238668
1770584183.145625199
1770584183.306401979
1770584183.485834373
1770584183.645721583
1770584183.786362716
1770584183.956197701
1770584184.95663565
1770584184.237538419
1770584184.386397003
1770584184.576344729
1770584184.737655335
1770584184.885777639
1770584185.30517441
1770584185.167655605
1770584185.315702696
1770584185.456135578
1770584185.636620260
1770584185.798440527
1770584185.955967982
1770584186.115675155
1770584186.265723464
1770584186.405845087
1770584186.545700217
1770584186.745706688
1770584186.905645087
1770584187.66811063
1770584187.230746590
1770584187.386566208
1770584187.548493185
1770584187.698619640
1770584187.886500502
1770584188.35840535
1770584188.176193176
1770584188.318576226
1770584188.465667612
1770584188.605894478
1770584188.747650122
1770584188.930242801
1770584189.66622826
1770584189.216069219
1770584189.355958568
1770584189.515881255
1770584189.677588039
1770584189.838879999
1770584190.36580697
1770584190.198671649
1770584190.337726320
1770584190.485890525
1770584190.645667883
1770584190.806090106
1770584190.966726586
1770584191.145757912
1770584191.285942458
1770584191.437071756
1770584191.575843522
1770584191.736472808
1770584191.899547049
1770584192.38946011
1770584192.236468628
1770584192.376756740
1770584192.525767706
1770584192.667382701
1770584192.805712335
1770584192.968173068
1770584193.115725930
1770584193.286764188
1770584193.436713330
1770584193.575795236
1770584193.715863016
1770584193.867125841
1770584194.6057601
1770584194.145846666
1770584194.345677709
1770584194.485865816
1770584194.645781240
1770584194.807026269
1770584194.961275068
1770584195.97405150
1770584195.236860888
1770584195.435736995
1770584195.575818254
1770584195.717100131
1770584195.867561170
1770584196.5587367
1770584196.146042806
1770584196.307211295
1770584196.506060515
1770584196.667808643
1770584196.805920529
1770584196.961772829
1770584197.115704922
1770584197.275791095
1770584197.436494197
1770584197.636565476
1770584197.795972564
1770584197.936741706
1770584198.78150685
1770584198.225936729
1770584198.385848591
1770584198.545618756
1770584198.739238594
1770584198.885917250
1770584199.31080537
1770584199.168284975
1770584199.315747470
1770584199.475879524
1770584199.636389182
1770584199.836928780
1770584199.995834656
1770584200.156589786
1770584200.318456634
1770584200.467327230
1770584200.606307176
1770584200.747201045
1770584200.925804767
1770584201.67091742
1770584201.215756392
1770584201.376305716
1770584201.515851822
1770584201.677389324
1770584201.826084352
1770584202.15738488
1770584202.178321294
1770584202.345785281
1770584202.506111270
1770584202.645608980
1770584202.807324144
1770584202.975603744
1770584203.165872576
1770584203.326283066
1770584203.491765599
1770584203.659615289
1770584203.815910350
1770584203.975651323
1770584204.137660358
1770584204.336867906
1770584204.500120089
1770584204.659651974
1770584204.818488712
1770584204.985789562
1770584205.145700307
1770584205.306152000
1770584205.478516931
1770584205.631984266
1770584205.769550384
1770584205.907736226
1770584206.60326631
1770584206.215800282
1770584206.361802159
1770584206.562448815
1770584206.715665160
1770584206.876654799
1770584207.38705735
1770584207.248100666
1770584207.379479881
1770584207.535922854
1770584207.718720850
1770584207.878577752
1770584208.26249195
1770584208.186192763
1770584208.335737065
1770584208.476195089
1770584208.636697692
1770584208.830592334
1770584208.988837213
1770584209.135634032
1770584209.295658819
1770584209.457543894
1770584209.616694335
1770584209.778762451
1770584209.976132756
1770584210.136637385
1770584210.298638598
1770584210.467233018
1770584210.631647131
1770584210.786052781
1770584210.945617210
1770584211.145719356
1770584211.306175728
1770584211.467661063
1770584211.630841874
1770584211.786792364
1770584211.948755656
1770584212.115714868
1770584212.305647580
1770584212.465775305
1770584212.627872332
1770584212.798681529
1770584212.961718617
1770584213.116407103
1770584213.276331535
1770584213.475904255
1770584213.637139717
1770584213.799658484
1770584214.14080203
1770584214.150088701
1770584214.286751143
1770584214.445703529
1770584214.637132195
1770584214.800346388
1770584214.965763275
1770584215.126096596
1770584215.286047497
1770584215.445662556
1770584215.607055358
1770584215.806052072
1770584215.967624073
1770584216.131913459
1770584216.286163794
1770584216.447023888
1770584216.607367266
1770584216.767601490
1770584216.962106778
1770584217.115676282
1770584217.275807429
1770584217.445875457
1770584217.631042357
1770584217.806039682
1770584218.15701456
1770584218.197702415
1770584218.367250933
1770584218.545843690
1770584218.729953135
1770584218.905802249
1770584219.115843022
1770584219.285705523
1770584219.461822108
1770584219.637067211
1770584219.806057741
1770584219.975733082
1770584220.176098230
1770584220.345632083
1770584220.515679579
1770584220.685836159
1770584220.861728082
1770584221.31647709
1770584221.231077614
1770584221.395605699
1770584221.556838438
1770584221.730479969
1770584221.898980181
1770584222.66866814
1770584222.230530121
1770584222.431228666
1770584222.587514857
1770584222.762122079
1770584222.915697241
1770584223.85847815
1770584223.245716169
1770584223.407582389
1770584223.606425114
1770584223.768028192
1770584223.936559341
1770584224.98519910
1770584224.265817058
1770584224.430275307
1770584224.587454141
1770584224.786211876
1770584224.948415613
1770584225.115845799
1770584225.276547156
1770584225.445901461
1770584225.606443732
1770584225.776035060
1770584225.967498225
1770584226.136614320
1770584226.298948091
1770584226.467230484
1770584226.631086259
1770584226.795854510
1770584226.967147320
1770584227.168153283
1770584227.331254411
1770584227.498281364
1770584227.667340543
1770584227.836436944
1770584227.995730339
1770584228.198833334
1770584228.365706788
1770584228.536332456
1770584228.697699837
1770584228.866902249
1770584229.36428839
1770584229.236291728
1770584229.406049475
1770584229.576152770
1770584229.745939149
1770584229.906809998
1770584230.76217238
1770584230.277602969
1770584230.447674069
1770584230.617794823
1770584230.786615093
1770584230.960234696
1770584231.130564259
1770584231.336258166
1770584231.505811503
1770584231.675877855
1770584231.845642097
1770584232.15816275
1770584232.185859791
1770584232.386145256
1770584232.556290732
1770584232.729876674
1770584232.898059272
1770584233.67198063
1770584233.236492798
1770584233.436387112
1770584233.606513383
1770584233.775766496
1770584233.945725231
1770584234.116123373
1770584234.285895995
1770584234.491383746
1770584234.658933352
1770584234.836369836
1770584234.999618318
1770584235.169425439
1770584235.338993651
1770584235.545908709
1770584235.716142667
1770584235.885988477
1770584236.58820470
1770584236.225855455
1770584236.395771170
1770584236.596109013
1770584236.766906756
1770584236.936026761
1770584237.106764306
1770584237.276084601
1770584237.446385462
1770584237.649076844
1770584237.819065678
1770584237.991714212
1770584238.159257393
1770584238.336377101
1770584238.499619158
1770584238.706205638
1770584238.875628102
1770584239.45711285
1770584239.216234084
1770584239.388409201
1770584239.556236613
1770584239.756608885
1770584239.926108239
1770584240.96219216
1770584240.267258871
1770584240.436984912
1770584240.606107641
1770584240.808135652
1770584240.978131260
1770584241.149154364
1770584241.319145572
1770584241.489748264
1770584241.666834591
1770584241.866085577
1770584242.36504251
1770584242.205745771
1770584242.375806466
1770584242.545914859
1770584242.715718418
1770584242.916062685
1770584243.86358238
1770584243.261863550
1770584243.430950453
1770584243.595867944
1770584243.766367418
1770584243.975940570
1770584244.146300651
1770584244.315982626
1770584244.485924810
1770584244.656555296
1770584244.831368743
1770584245.31103972
1770584245.196192071
1770584245.365906170
1770584245.536454600
1770584245.706791496
1770584245.875688864
1770584246.77526223
1770584246.247533354
1770584246.417854188
1770584246.591796502
1770584246.763578932
1770584246.935904754
1770584247.136682423
1770584247.306373058
1770584247.476078847
1770584247.645828982
1770584247.815965938
1770584247.985885774
1770584248.185722893
1770584248.362364993
1770584248.526175026
1770584248.696429515
1770584248.867153442
1770584249.36026438
1770584249.237713091
1770584249.407797600
1770584249.578490519
1770584249.748593256
1770584249.925693270
1770584250.98506967
1770584250.295662177
1770584250.467060230
1770584250.636388346
1770584250.805763602
1770584250.976320900
1770584251.145793717
1770584251.346008159
1770584251.515732524
1770584251.685842594
1770584251.865877253
1770584252.30307009
1770584252.206096902
1770584252.406403109
1770584252.576351647
1770584252.745684024
1770584252.915640314
1770584253.85854369
1770584253.261549914
1770584253.456200250
1770584253.626048504
1770584253.795826573
1770584253.965845437
1770584254.135816393
1770584254.306247916
1770584254.506223590
1770584254.675905006
1770584254.845896983
1770584255.16064247
1770584255.187090773
1770584255.360651783
1770584255.566033454
1770584255.736299886
1770584255.905810064
1770584256.75907004
1770584256.245643102
1770584256.415688084
1770584256.616233060
1770584256.787126199
1770584256.961089115
1770584257.135785098
1770584257.305773304
1770584257.476103146
1770584257.679168849
1772311690.206014003
1772311690.328508063
1772311690.502239501
1772311690.658010136
1772311690.830953555
1772311690.995557576
1772311691.183849943
1772311691.318905935
1772311691.704322237
1772311691.850811526
1772311692.18056665
1772311692.194328579
1772311692.386802273
1772311692.535173854
1772311692.776648050
1772311692.909323152
1772311693.44776681
1772311693.214253388
1772311693.380555250
1772311693.543640572
1772311693.710392701
1772311693.915796670
1772311694.91367728
1772311694.267615407
1772311694.436504749
1772311694.593820204
1772311694.756682802
1772311694.902189843
1772311695.124176506
1772311695.287603143
1772311695.463709813
1772311695.610454162
1772311695.789699708
1772311695.945087963
1772311696.103840053
1772311696.303489729
1772311696.475806182
1772311696.632055929
1772311696.800991716
1772311696.972734493
1772311697.186427923
1772311697.321978042
1772311697.500007443
1772311697.750034890
1772311697.845273182
1772311698.2796903
1772311698.161808663
1772311698.331831389
1772311698.521416239
1772311698.693130730
1772311698.864655393
1772311699.43513950
1772311699.204513811
1772311699.407751443
1772311699.551798941
1772311699.724930163
1772311699.897188858
1772311700.64475273
1772311700.232084843
1772311700.402359487
1772311700.563466206
1772311700.732810634
1772311700.894363568
1772311701.91987638
1772311701.266296873
1772311701.439475168
1772311701.604844579
1772311701.760224034
1772311701.921234930
1772311702.90398120
1772311702.289883111
1772311702.453751214
1772311702.619675933
1772311702.790372768
1772311702.953986020
1772311703.121201476
1772311703.283333745
1772311703.481163147
1772311703.649932432
1772311703.819534924
1772311703.980164836
1772311704.155728839
1772311704.312312427
1772311704.480877776
1772311704.680080957
1772311704.850988991
1772311705.12449246
1772311705.180589750
1772311705.350084686
1772311705.510260700
1772311705.680057839
1772311705.883129947
1772311706.42424704
1772311706.210663195
1772311706.379961668
1772311706.543821180
1772311706.711938986
1772311706.872512467
1772311707.72377394
1772311707.242380145
1772311707.409844167
1772311707.574400695
1772311707.741669720
1772311707.904371753
1772311708.73494575
1772311708.270949558
1772311708.441622926
1772311708.609610198
1772311708.772558631
1772311708.937626957
1772311709.102957956
1772311709.272673870
1772311709.461845189
1772311709.639983472
1772311709.793508082
1772311709.974333089
1772311710.141115250
1772311710.290077618
1772311710.460175912
1772311710.665076605
1772311710.821251901
1772311710.989958538
1772311711.152045270
1772311711.319937069
1772311711.494563104
1772311711.700707041
1772311711.853296127
1772311712.26811895
1772311712.181849197
1772311712.351465168
1772311712.553105810
1772311712.722650822
1772311712.868392180
1772311713.60659772
1772311713.213626700
1772311713.375693666
1772311713.551644101
1772311713.746198088
1772311713.874256822
1772311714.43884595
1772311714.292077522
1772311714.455103200
1772311714.561878363
1772311714.731438181
1772311714.908088496
1772311715.70715450
1772311715.230964308
1772311715.419642967
1772311715.584046892
1772311715.751627758
1772311715.909967645
1772311716.74621672
1772311716.240915223
1772311716.400394152
1772311716.591054417
1772311716.751772469
1772311716.924385958
1772311717.89976557
1772311717.250020501
1772311717.412103182
1772311717.586602664
1772311717.780698003
1772311717.950406374
1772311718.111317118
1772311718.280969755
1772311718.445805300
1772311718.611052769
1772311718.770840814
1772311718.980610003
1772311719.144494239
1772311719.304524355
1772311719.474431634
1772311719.643952201
1772311719.801625593
1772311719.974331830
1772311720.168017620
1772311720.339741750
1772311720.509979098
1772311720.662687962
1772311720.837901362
1772311721.5509256
1772311721.161073092
1772311721.360861962
1772311721.539464061
1772311721.690414042
1772311721.861119816
1772311722.38368949
1772311722.189797273
1772311722.366372578
1772311722.559810501
1772311722.721262934
1772311722.889523984
1772311723.60879841
1772311723.236099247
1772311723.389496327
1772311723.553500342
1772311723.751287421
1772311723.919395728
1772311724.89361464
1772311724.250752436
1772311724.419449785
1772311724.580464034
1772311724.749528608
1772311724.949585249
1772311725.119616077
1772311725.280993570
1772311725.449691547
1772311725.610651320
1772311725.783854479
1772311725.941852003
1772311726.156350354
1772311726.316788692
1772311726.474101353
1772311726.644862372
1772311726.810928660
1772311726.971817474
1772311727.140611692
1772311727.343828092
1772311727.507512792
1772311727.679117843
1772311727.844525178
1772311728.15046082
1772311728.174746966
1772311728.350287223
1772311728.636985183
1772311728.707563567
1772311728.864780266
1772311729.44954981
1772311729.214432806
1772311729.378839036
1772311729.530850186
1772311729.737848980
1772311729.903201979
1772311730.72457988
1772311730.236553983
1772311730.394765083
1772311730.593280327
1772311730.723979969
1772311730.923332959
1772311731.89403507
1772311731.264188152
1772311731.419661473
1772311731.594681133
1772311731.761338977
1772311731.921371537
1772311732.119648482
1772311732.284964884
1772311732.461217173
1772311732.623991353
1772311732.783704948
1772311732.950702429
1772311733.119800247
1772311733.312326183
1772311733.480354172
1772311733.649401705
1772311733.810926424
1772311733.970464158
1772311734.130386998
1772311734.306452811
1772311734.489639850
1772311734.650048784
1772311734.812009872
1772311734.983929208
1772311735.132913227
1772311735.290310256
1772311735.449600194
1772311735.640565386
1772311735.824415848
1772311735.997042816
1772311736.179869683
1772311736.359929020
1772311736.547115450
1772311736.751998543
1772311736.920919453
1772311737.106794614
1772311737.281617321
1772311737.462782456
1772311737.631435315
1772311737.840114561
1772311738.10029103
1772311738.189799437
1772311738.353041972
1772311738.530066146
1772311738.714272449
1772311738.902770708
1772311739.74532203
1772311739.242123126
1772311739.412337706
1772311739.582773613
1772311739.753764689
1772311739.943911970
1772311740.109798556
1772311740.273549536
1772311740.444024904
1772311740.611833941
1772311740.779696476
1772311740.950653609
1772311741.150178269
1772311741.312185801
1772311741.479541219
1772311741.650002409
1772311741.819408576
1772311741.989689785
1772311742.182444800
1772311742.352198219
1772311742.519590373
1772311742.689665969
1772311742.852439520
1772311743.19800037
1772311743.220548316
1772311743.389590750
1772311743.561463712
1772311743.737905829
1772311743.891866808
1772311744.63084798
1772311744.260805248
1772311744.442803659
1772311744.603750790
1772311744.771810557
1772311744.944629659
1772311745.107522429
1772311745.303040574
1772311745.474292437
1772311745.643484751
1772311745.811882131
1772311745.949863285
1772311746.100361323
1772311746.252199406
1772311746.433201181
1772311746.579830012
1772311746.749682116
1772311746.906701654
1772311747.49535519
1772311747.201235247
1772311747.349529653
1772311747.537096299
1772311747.689810820
1772311747.861641178
1772311748.11425508
1772311748.160586994
1772311748.309592943
1772311748.473808576
1772311748.680587091
1772311748.851788319
1772311749.3870917
1772311749.149782548
1772311749.292475055
1772311749.442569760
1772311749.590920248
1772311749.774440500
1772311749.921531122
1772311750.81727879
1772311750.219480163
1772311750.374953973
1772311750.519613909
1772311750.670602023
1772311750.850429138
1772311751.3756866
1772311751.149462884
1772311751.300959373
1772311751.449926351
1772311751.601970256
1772311751.749360566
1772311751.936774819
1772311752.79628659
1772311752.230526189
1772311752.379615669
1772311752.541910946
1772311752.682437326
1772311752.838187847
1772311753.13087870
1772311753.160647546
1772311753.309852053
1772311753.460593488
1772311753.609844301
1772311753.760500320
1772311753.909663482
1772311754.89879822
1772311754.240057917
1772311754.389497162
1772311754.543546419
1772311754.689627974
1772311754.840887143
1772311754.989797130
1772311755.177179884
1772311755.319564880
1772311755.470862740
1772311755.619906473
1772311755.764135279
1772311755.914923089
1772311756.62677831
1772311756.250238750
1772311756.403969671
1772311756.542891587
1772311756.691433651
1772311756.841234743
1772311756.990457689
1772311757.144942686
1772311757.321512473
1772311757.472736791
1772311757.635787332
1772311757.802126280
1772311757.949581404
1772311758.101943506
1772311758.251581099
1772311758.439948965
1772311758.589874234
1772311758.740001345
1772311758.889512596
1772311759.39652558
1772311759.189508685
1772311759.341917581
1772311759.519800663
1772311759.671696924
1772311759.820004949
1772311759.979890423
1772311760.130260722
1772311760.289518463
1772311760.449594883
1772311760.642131015
1772311760.800967753
1772311760.960005145
1772311761.109808192
1772311761.279909979
1772311761.432839960
1772311761.609818878
1772311761.805997233
1772311761.950756762
1772311762.110674922
1772311762.262207799
1772311762.419781666
1772311762.579793274
1772311762.740252355
1772311762.919624384
1772311763.79546664
1772311763.230721953
1772311763.401766388
1772311763.570861342
1772311763.738690424
1772311763.889566304
1772311764.79441483
1772311764.240607707
1772311764.413481284
1772311764.573383870
1772311764.740565732
1772311764.905417270
1772311765.70168307
1772311765.274431838
1772311765.443291637
1772311765.615330821
1772311765.780236905
1772311765.950119879
1772311766.135303471
1772311766.331218385
1772311766.509251487
1772311766.670388726
1772311766.839930246
1772311767.11210604
1772311767.180905775
1772311767.380343692
1772311767.549450311
1772311767.719531215
1772311767.889400989
1772311768.41562018
1772311768.212715195
1772311768.419414021
1772311768.572750618
1772311768.731950950
1772311768.901880647
1772311769.71431107
1772311769.231796740
1772311769.379532416
1772311769.582887731
1772311769.760682185
1772311769.930950264
1772311770.107533181
1772311770.273846917
1772311770.441442938
1772311770.639936042
1772311770.810759639
1772311770.981727108
1772311771.151849638
1772311771.313427995
1772311771.473355513
1772311771.640326315
1772311771.820983634
1772311771.980006568
1772311772.149492215
1772311772.319566065
1772311772.472541443
1772311772.649894221
1772311772.812961594
1772311773.4840520
1772311773.174088427
1772311773.349464348
1772311773.511597035
1772311773.670732903
1772311773.841857795
1772311774.12310254
1772311774.211614286
1772311774.390571458
1772311774.562402445
1772311774.724020053
1772311774.896647929
1772311775.72275837
1772311775.276715926
1772311775.442961496
1772311775.613427156
1772311775.781829355
1772311775.950617916
1772311776.122527335
1772311776.323118471
1772311776.491709452
1772311776.671769278
1772311776.841958086
1772311777.10944229
1772311777.179609031
1772311777.383686155
1772311777.549675198
1772311777.719518433
1772311777.889890854
1772311778.63090591
1772311778.239976829
1772311778.439973965
1772311778.609666692
1772311778.780202053
1772311778.949731421
1772311779.119628223
1772311779.289756829
1772311779.489771216
1772311779.660181073
1772311779.839379127
1772311780.4510938
1772311780.184029495
1772311780.351463973
1772311780.550017630
1772311780.719583315
1772311780.889666105
1772311781.62010774
1772311781.230873856
1772311781.400817452
1772311781.610232126
1772311781.772081537
1772311781.949928582
1772311782.113675371
1772311782.269164477
1772311782.443304835
1772311782.581248554
1772311782.790323241
1772311782.940984009
1772311783.109689459
1772311783.260500386
1772311783.431505221
1772311783.611624272
1772311783.773935544
1772311783.972760394
1772311784.119577308
1772311784.281962332
1772311784.419876508
1772311784.589559596
1772311784.741653228
1772311784.910023999
1772311785.89702701
1772311785.260721224
1772311785.410769624
1772311785.579976116
1772311785.753697147
1772311785.919704419
1772311786.90019292
1772311786.308014386
1772311786.471917200
1772311786.642741565
1772311786.811812704
1772311786.960448215
1772311787.139007640
1772311787.312966482
1772311787.480122433
1772311787.638946529
1772311787.779946433
1772311787.939101717
1772311788.81166420
1772311788.231369868
1772311788.383236795
1772311788.561862081
1772311788.711740138
1772311788.880465004
1772311789.31651398
1772311789.179924293
1772311789.330864706
1772311789.502046169
1772311789.706017065
1772311789.872312432
1772311790.19843752
1772311790.189534942
1772311790.362672729
1772311790.533112827
1772311790.719660488
1772311790.875004883
1772311791.19529885
1772311791.189601361
1772311791.360857903
1772311791.533032858
1772311791.702507400
1772311791.910252239
1772311792.79893912
1772311792.240005253
1772311792.382530630
1772311792.560674011
1772311792.731948014
1772311792.901585426
1772311793.103714327
1772311793.279872959
1772311793.450083768
1772311793.619847523
1772311793.789544859
1772311793.960012753
1772311794.163942303
1772311794.340079703
1772311794.510017852
1772311794.680096381
1772311794.849624701
1772311795.19945301
1772311795.219509421
1772311795.374388184
1772311795.540089621
1772311795.689632509
1772311795.860352461
1772311796.30524578
1772311796.203763914
1772311796.382079035
1772311796.551896498
1772311796.731564165
1772311796.900850415
1772311797.42084357
1772311797.191928681
1772311797.340248579
1772311797.521195599
1772311797.671374672
1772311797.819574234
1772311797.972870882
1772311798.119707351
1772311798.272208716
1772311798.419710913
1772311798.603390193
1772311798.750452599
1772311798.908891172
1772311799.42474281
1772311799.191524579
1772311799.362821071
1772311799.511501280
1772311799.702407806
1772311799.871770672
1772311800.40071671
1772311800.181530781
1772311800.332027632
1772311800.503459336
1772311800.680024304
1772311800.880672501
1772311801.49793786
1772311801.204981527
1772311801.371514633
1772311801.519881395
1772311801.673506088
1772311801.819846894
1772311802.3752739
1772311802.171789179
1772311802.341037296
1772311802.510200067
1772311802.679830984
1772311802.849629100
1772311803.60108994
1772311803.231201409
1772311803.379771688
1772311803.531479447
1772311803.680053009
1772311803.821841909
1772311803.972198728
1772311804.160453451
1772311804.331895631
1772311804.504080015
1772311804.673315211
1772311804.849668211
1772311805.19552582
1772311805.233059955
1772311805.403542935
1772311805.573101706
1772311805.749771856
1772311805.919600912
1772311806.91369391
1772311806.280213015
1772311806.430938596
1772311806.580104202
1772311806.722237979
1772311806.873618811
1772311807.20201547
1772311807.171112696
1772311807.350157868
1772311807.503376154
1772311807.670970429
1772311807.820523236
1772311807.990524451
1772311808.169984759
1772311808.319643096
1772311808.500490452
1772311808.649777722
1772311808.793495708
1772311808.941979175
1772311809.90407327
1772311809.242319721
1772311809.389848597
1772311809.574975896
1772311809.720063680
1772311809.871839325
1772311810.19741851
1772311810.171447236
1772311810.319832715
1772311810.470752105
1772311810.649756350
1772311810.804009824
1772311810.950220446
1772311811.94424178
1772311811.246532966
1772311811.390717003
1772311811.541932590
1772311811.720855121
1772311811.873804798
1772311812.19665654
1772311812.173232728
1772311812.319701553
1772311812.471315235
1772311812.620115851
1772311812.800342249
1772311812.970686873
1772311813.121060873
1772311813.293125130
1772311813.380177884
1772311813.560004580
1772311813.732476011
1772311813.940323936
1772311814.112528434
1772311814.289869199
1772311814.460826053
1772311814.640566076
1772311814.719779425
1772311814.810688046
1772311814.931732132
1772311815.11075177
1772311815.171127362
1772311815.341659092
1772311815.491746533
1772311815.644385974
1772311815.790398596
1772311815.941219022
1772311816.121321660
1772311816.272633210
1772311816.420289686
1772311816.573698289
1772311816.719817978
1772311816.870951432
1772311817.20047406
1772311817.141895015
1772311817.220410162
1772311817.380023185
1772311817.531998506
1772311817.679875680
1772311817.833289382
1772311817.979650861
1772311818.131437401
1772311818.311087189
1772311818.463764415
1772311818.611639214
1772311818.760654313
1772311818.911100668
1772311819.59944795
1772311819.211612884
1772311819.389671548
1772311819.541929097
1772311819.689667986
1772311819.841559986
1772311819.989608272
1772311820.141823428
1772311820.289698297
1772311820.470080720
1772311820.620320345
1772311820.770009552
1772311820.849843581
1772311821.10818998
1772311821.89713592
1772311821.180493775
1772311821.262600789
1772311821.350681886
1772311821.469939431
1772311821.550467962
1772311821.652847664
1772311821.780307159
1772311821.901668254
1772311822.2392229
1772311822.82988436
1772311822.170906802
1772311822.260490674
1772311822.350106324
1772311822.440737186
1772311822.560377601
1772311822.640706246
1772311822.742764748
1772311822.871763266
1772311822.989814792
1772311823.89617560
1772311823.180256315
1772311823.260392757
1772311823.340321910
1772311823.420066751
1772311823.580362194
1772311823.750012387
1772311823.831376429
1772311823.912708344
1772311824.632158
1772311824.150020000
1772311824.232824728
1772311824.389863192
1772311824.541715243
1772311824.681425527
1772311824.870673951
1772311825.20004243
1772311825.163224960
1772311825.312564122
1772311825.463611741
1772311825.612767011
1772311825.760674217
1772311825.950665822
1772311826.92570309
1772311826.242406182
1772311826.390735998
1772311826.480965552
1772311826.632411127
1772311826.780581635
1772311826.931476791
1772311827.112663087
1772311827.266460916
1772311827.411378077
1772311827.565430477
1772311827.710774508
1772311827.800972006
1772311827.880619489
1772311827.969703157
1772311828.121707183
1772311828.241241998
1772311828.331519603
1772311828.412356413
1772311828.500773936
1772311828.580344873
1772311828.672546116
1772311828.770680586
1772311828.891490144
1772311829.19883348
1772311829.113863937
1772311829.210715842
1772311829.342987890
1772311829.431700981
1772311829.541790182
1772311829.632729394
1772311829.722889316
1772311829.820351284
1772311829.920032389
1772311830.19625354
1772311830.140495604
1772311830.269960312
1772311830.392101604
1772311830.480081571
1772311830.562421854
1772311830.709827530
1772311830.792214677
1772311830.950131396
1772311831.100711148
1772311831.250173091
1772311831.412267016
1772311831.601997904
1772311831.760084965
1772311831.931298974
1772311832.105959301
1772311832.260211308
1772311832.432266276
1772311832.589685235
1772311832.789676924
1772311832.949928367
1772311833.113203727
1772311833.280221113
1772311833.442488874
1772311833.602258202
1772311833.770238001
1772311833.960183720
1772311834.131374402
1772311834.289566295
1772311834.450659116
1772311834.619652871
1772311834.779807513
1772311834.949758233
1772311835.141088207
1772311835.313271543
1772311835.474047843
1772311835.641551883
1772311835.804267675
1772311835.976209500
1772311836.144080137
1772311836.343281991
1772311836.510755092
1772311836.671617785
1772311836.842808397
1772311837.9857910
1772311837.180422815
1772311837.379963399
1772311837.550007636
1772311837.719793531
1772311837.889842238
1772311838.60325218
1772311838.231644827
1772311838.440171889
1772311838.610501707
1772311838.780111462
1772311838.949885344
1772311839.119856527
1772311839.292399825
1772311839.507022145
1772311839.678129017
1772311839.849687553
1772311840.19978610
1772311840.202322525
1772311840.380291163
1772311840.589655971
1772311840.770229689
1772311840.950006379
1772311841.131106351
1772311841.302314842
1772311841.481595519
1772311841.689648987
1772311841.873374362
1772311842.41711120
1772311842.219666559
1772311842.401481147
1772311842.581228363
1772311842.789587247
1772311842.970759575
1772311843.142309241
1772311843.310823256
1772311843.479977436
1772311843.649636150
1772311843.840346841
1772311844.1184531
1772311844.152614182
1772311844.310955116
1772311844.470814609
1772311844.633357195
1772311844.780998515
1772311844.972250686
1772311845.131720954
1772311845.289793767
1772311845.450193762
1772311845.600820099
1772311845.760456659
1772311845.919754977
1772311846.110119325
1772311846.263647357
1772311846.419731650
1772311846.579888737
1772311846.740861920
1772311846.889933589
1772311847.50082854
1772311847.241785221
1772311847.402176137
1772311847.552248772
1772311847.710288341
1772311847.870860634
1772311848.22970749
1772311848.180853175
1772311848.370046355
1772311848.531510521
1772311848.689989183
1772311848.841959196
1772311849.12325401
1772311849.171754742
1772311849.340750103
1772311849.531070032
1772311849.692433488
1772311849.860187699
1772311850.20000958
1772311850.180282083
1772311850.342205386
1772311850.490415075
1772311850.680495588
1772311850.841490002
1772311851.633552
1772311851.152321895
1772311851.311268214
1772311851.471686717
1772311851.630941384
1772311851.819654894
1772311851.972056736
1772311852.131685892
1772311852.289825474
1772311852.450911800
1772311852.610736233
1772311852.773060494
1772311852.972711148
1772311853.130714051
1772311853.290990916
1772311853.452567946
1772311853.619972113
1772311853.779994965
1772311853.940780624
1772311854.142669900
1772311854.301428555
1772311854.459851832
1772311854.619766151
1772311854.789697874
1772311854.950914314
1772311855.119821884
1772311855.320320132
1772311855.482134902
1772311855.649865647
1772311855.819669490
1772311855.981036787
1772311856.150642631
1772311856.320609903
1772311856.520096710
1772311856.681328165
1772311856.849791545
1772311857.13697502
1772311857.180487416
1772311857.350057151
1772311857.510239940
1772311857.710316067
1772311857.879734666
1772311858.42578407
1772311858.211827572
1772311858.380429936
1772311858.540676071
1772311858.710302937
1772311858.910545845
1772311859.72886030
1772311859.242587137
1772311859.411683140
1772311859.572212411
1772311859.741876782
1772311859.910941705
1772311860.110086987
1772311860.271524824
1772311860.442719417
1772311860.612882245
1772311860.770013179
1772311860.941965620
1772311861.101738370
1772311861.300360611
1772311861.471709903
1772311861.633114285
1772311861.804746783
1772311861.972695992
1772311862.132496958
1772311862.301649462
1772311862.501450205
1772311862.666539273
1772311862.832686507
1772311863.1293271
1772311863.161008123
1772311863.333558406
1772311863.502580656
1772311863.705957621
1772311863.860351266
1772311864.31219561
1772311864.192116616
1772311864.360130288
1772311864.531890526
1772311864.689852851
1772311864.889843073
1772311865.60045571
1772311865.221384023
1772311865.389874990
1772311865.560095088
1772311865.720071356
1772311865.889868425
1772311866.89762895
1772311866.251168954
1772311866.419829426
1772311866.589652895
1772311866.750133906
1772311866.920063604
1772311867.82308735
1772311867.281299599
1772311867.450363055
1772311867.619730321
1772311867.780392989
1772311867.949864877
1772311868.113307368
1772311868.281398983
1772311868.480258125
1772311868.649711086
1772311868.811403564
1772311868.980616690
1772311869.142921187
1772311869.310132313
1772311869.480267903
1772311869.680188563
1772311869.841019549
1772311870.10757881
1772311870.180471211
1772311870.341407028
1772311870.511359215
1772311870.670751400
1772311870.871721426
1772311871.42418749
1772311871.204620230
1772311871.370751889
1772311871.540273085
1772311871.700669169
1772311871.871312784
1772311872.71765565
1772311872.232197058
1772311872.401191442
1772311872.569966943
1772311872.731355331
1772311872.900718477
1772311873.66311729
1772311873.261518872
1772311873.432640481
1772311873.601284750
1772311873.760948408
1772311873.931915807
1772311874.92100901
1772311874.260459170
1772311874.460295392
1772311874.633833369
1772311874.790356266
1772311874.960181690
1772311875.122163590
1772311875.289847192
